0.000 0.000
0.000 0.092
0.000 0.276
0.000 0.462
0.000 0.651
0.000 0.842
0.000 1.035
0.000 1.230
0.000 1.428
0.000 1.627
0.000 1.830
0.000 2.034
0.000 1.549
0.000 2.442
0.000 2.653
0.000 2.867
0.000 3.084
0.000 3.303
0.000 3.524
0.001 3.056
0.001 3.966
0.001 4.195
0.001 3.734
0.001 4.652
0.002 4.196
0.002 5.119
0.002 4.668
0.002 5.596
0.003 5.151
0.003 5.392
0.004 5.635
0.004 5.882
0.005 6.131
0.005 6.382
0.005 6.637
0.006 6.201
0.007 6.452
0.008 6.706
0.010 6.270
0.010 7.213
0.012 6.782
0.014 6.345
0.015 7.287
0.017 6.856
0.018 7.803
0.020 6.685
0.022 7.629
0.024 7.200
0.026 8.149
0.029 7.033
0.031 7.978
0.034 7.551
0.037 7.810
0.040 7.379
0.043 7.634
0.046 7.892
0.049 8.153
0.053 7.723
0.057 7.980
0.061 7.548
0.065 7.801
0.069 8.057
0.073 7.623
0.078 7.875
0.083 8.130
0.088 7.695
0.093 7.946
0.098 8.199
0.102 8.455
0.108 8.021
0.113 8.273
0.119 8.528
0.125 8.093
0.131 8.344
0.137 7.905
0.143 8.151
0.150 8.401
0.156 8.652
0.163 8.214
0.170 8.462
0.176 8.712
0.183 8.965
0.190 8.527
0.198 8.083
0.205 9.018
0.213 8.579
0.221 8.826
0.229 8.382
0.237 9.317
0.245 8.186
0.254 9.117
0.262 8.675
0.271 8.918
0.279 9.163
0.288 8.718
0.298 8.959
0.307 8.510
0.317 8.747
0.326 8.986
0.336 9.228
0.346 8.779
0.356 8.323
0.366 9.246
0.376 8.794
0.387 9.029
0.398 8.573
0.409 8.803
0.420 9.036
0.431 8.577
0.442 9.497
0.454 8.351
0.465 8.574
0.477 8.799
0.489 9.026
0.501 8.563
0.513 8.785
0.525 9.702
0.538 8.552
0.551 8.772
0.563 8.993
0.576 9.217
0.589 9.442
0.602 8.978
0.615 9.198
0.629 8.729
0.642 8.945
0.655 9.855
0.669 8.699
0.683 9.604
0.697 9.135
0.711 9.352
0.725 9.571
0.740 9.099
0.754 9.313
0.769 9.529
0.784 9.054
0.799 9.265
0.814 9.478
0.829 9.692
0.844 9.909
0.859 9.434
0.874 9.646
0.890 9.859
0.906 9.382
0.922 9.590
0.937 10.492
0.953 9.328
0.969 10.226
0.985 9.748
1.002 9.264
1.019 10.159
1.035 10.371
1.052 9.892
1.069 9.407
1.086 10.299
1.103 9.818
1.121 9.329
1.138 10.218
1.156 9.732
1.173 10.625
1.191 9.451
1.209 10.338
1.227 9.850
1.245 10.049
1.263 9.556
1.282 9.749
1.301 9.943
1.319 10.140
1.338 10.337
1.357 9.152
1.376 10.028
1.396 9.529
1.415 9.716
1.435 9.904
1.454 10.094
1.474 9.594
1.494 9.778
1.514 9.964
1.534 10.152
1.555 9.649
1.575 9.831
1.595 10.014
1.616 9.507
1.637 9.685
1.658 10.557
1.679 9.362
1.700 10.228
1.721 10.412
1.742 9.905
1.764 9.392
1.785 10.255
1.807 9.744
1.829 9.919
1.850 10.094
1.872 10.272
1.894 9.758
1.917 9.930
1.939 9.409
1.962 9.575
1.985 9.742
2.007 9.910
2.030 9.388
2.054 9.551
2.077 9.714
2.100 9.880
2.123 9.354
2.147 9.514
2.171 9.674
2.194 9.837
2.218 9.307
2.242 10.156
2.266 9.630
2.290 9.789
2.314 9.949
2.338 10.111
2.362 9.581
2.387 9.737
2.411 9.894
2.436 10.053
2.461 9.520
2.486 9.673
2.511 9.826
2.536 9.981
2.561 10.137
2.585 10.296
2.611 9.762
2.636 10.607
2.661 10.076
2.687 10.231
2.712 10.386
2.738 9.852
2.765 8.617
2.790 10.135
2.816 10.288
2.843 9.749
2.869 9.895
2.895 10.735
2.922 9.509
2.948 10.342
2.974 10.494
3.001 9.955
3.028 10.100
3.055 9.555
3.082 9.694
3.109 9.834
3.137 9.977
3.164 10.120
3.191 9.572
3.219 10.401
3.246 9.856
3.274 9.303
3.302 10.126
3.330 9.576
3.358 9.711
3.386 10.539
3.414 9.991
3.443 8.746
3.471 10.252
3.499 10.393
3.528 9.842
3.556 10.669
3.585 10.122
3.613 10.258
3.642 10.396
3.671 9.844
3.700 9.976
3.729 10.110
3.758 10.243
3.787 9.688
3.817 9.816
3.846 10.638
3.875 10.085
3.905 9.524
3.935 10.340
3.965 9.783
3.995 9.910
4.024 10.038
4.055 9.476
4.085 10.289
4.115 10.421
4.145 10.553
4.175 9.996
4.205 10.122
4.236 10.250
4.266 10.380
4.297 10.510
4.327 9.948
4.358 10.073
4.390 9.507
4.420 11.008
4.451 9.760
4.482 10.574
4.513 10.703
4.544 10.835
4.575 10.275
4.606 10.401
4.638 10.526
4.669 10.654
4.700 10.784
4.732 10.221
4.764 10.344
4.795 10.467
4.828 9.900
4.860 10.018
4.892 10.136
4.924 10.255
4.957 9.685
4.990 9.798
5.022 9.913
5.055 10.027
5.088 9.453
5.121 9.561
5.154 9.672
5.187 9.782
5.220 9.896
5.254 10.009
5.287 10.124
5.320 10.240
5.353 10.356
5.386 10.476
5.420 9.902
5.453 10.706
5.486 10.136
5.520 9.558
5.554 10.357
5.588 9.781
5.621 10.582
5.655 10.010
5.690 9.427
5.724 10.223
5.758 9.645
5.793 9.750
5.827 9.858
5.862 9.965
5.897 9.382
5.931 10.178
5.966 10.287
6.000 10.400
6.035 9.821
6.069 10.620
6.104 10.044
6.139 10.153
6.174 10.262
6.210 9.681
6.244 10.475
6.279 10.588
6.315 10.010
6.350 10.810
6.385 10.234
6.420 11.036
6.455 10.462
6.491 10.574
6.526 10.687
6.561 10.799
6.598 9.530
6.634 10.322
6.669 10.430
6.705 10.540
6.741 10.651
6.777 10.070
6.814 10.175
6.850 10.280
6.886 10.386
6.922 10.495
6.959 9.912
6.996 10.013
7.033 10.115
7.069 10.218
7.106 10.325
7.143 10.427
7.180 10.536
7.216 10.644
7.254 10.061
7.290 10.856
7.327 10.273
7.364 11.072
7.401 10.492
7.439 10.598
7.476 10.706
7.513 10.124
7.551 10.223
7.589 10.326
7.627 9.737
7.665 9.832
7.702 10.623
7.741 10.034
7.779 10.135
7.817 10.235
7.855 10.336
7.893 11.130
7.931 10.550
7.969 9.963
8.007 10.751
8.045 10.860
8.084 10.273
8.122 10.375
8.161 11.167
8.199 10.588
8.238 10.692
8.276 11.488
8.314 10.912
8.352 11.710
8.391 11.135
8.430 10.553
8.469 10.657
8.508 10.759
8.547 10.865
8.586 10.968
8.626 9.001
8.665 11.156
8.705 10.574
8.744 10.675
8.784 10.779
8.824 10.188
8.863 10.284
8.903 10.383
8.943 11.173
8.983 10.586
9.023 10.689
9.063 10.788
9.102 10.894
9.142 11.688
9.182 11.110
9.222 10.523
9.262 11.314
9.302 10.730
9.343 10.830
9.384 10.241
9.424 11.027
9.465 10.438
9.506 9.843
9.547 10.622
9.587 12.107
9.628 10.836
9.669 10.249
9.710 11.032
9.751 10.443
9.792 11.230
9.833 10.644
9.874 10.741
9.916 10.839
9.957 10.938
9.998 11.040
10.039 11.141
10.081 11.244
10.122 11.348
10.163 11.455
10.205 11.558
10.246 11.670
10.288 11.082
10.329 11.186
10.371 11.286
10.413 10.699
10.455 11.487
10.497 10.898
10.539 10.998
10.581 11.097
10.624 10.502
10.666 11.980
10.708 10.707
10.751 10.802
10.794 10.897
10.836 10.994
10.879 11.089
10.922 11.191
10.964 11.289
11.007 11.389
11.049 11.493
11.092 11.594
11.135 11.010
11.178 11.102
11.222 10.510
11.265 11.289
11.308 10.699
11.352 10.788
11.395 10.883
11.439 10.978
11.483 10.377
11.527 11.160
11.570 11.253
11.614 11.353
11.657 11.452
11.701 10.860
11.745 10.950
11.789 11.739
11.833 11.147
11.877 11.244
11.921 11.341
11.964 12.129
12.008 11.544
12.052 11.644
12.096 11.747
12.140 11.847
12.184 11.951
12.229 11.362
12.273 11.459
12.317 11.558
12.362 10.960
12.407 11.051
12.452 11.144
12.498 10.544
12.542 11.323
12.588 10.725
12.633 10.809
12.678 10.897
12.723 11.677
12.769 11.084
12.814 11.868
12.859 11.968
12.904 11.375
12.949 11.470
12.995 10.872
13.040 11.651
13.086 11.056
13.132 11.142
13.178 11.233
13.224 10.632
13.270 10.715
13.317 10.799
13.363 10.880
13.409 11.663
13.454 11.753
13.501 11.159
13.546 11.939
13.593 11.348
13.639 11.437
13.686 10.834
13.732 12.303
13.778 11.711
13.824 11.807
13.870 11.902
13.916 12.688
13.963 11.414
14.009 12.192
14.055 12.293
14.102 11.006
14.149 11.787
14.196 11.875
14.243 11.282
14.290 11.362
14.337 11.454
14.384 12.927
14.431 10.955
14.479 11.038
14.527 11.118
14.574 11.896
14.621 11.293
14.668 12.072
14.716 11.474
14.763 12.254
14.811 11.657
14.859 11.744
14.906 11.840
14.954 11.232
15.002 11.316
15.050 11.399
15.099 10.793
15.147 10.866
15.195 11.634
15.244 11.032
15.292 11.802
15.340 11.890
15.389 11.288
15.437 12.061
15.485 11.458
15.534 11.541
15.582 11.630
15.630 12.401
15.679 11.809
15.727 12.584
15.776 11.991
15.824 12.073
15.873 12.167
15.922 11.564
15.970 12.340
16.019 11.741
16.068 11.817
16.117 11.216
16.166 11.987
16.216 11.376
16.265 11.458
16.315 10.840
16.365 11.609
16.414 12.380
16.464 10.396
16.513 11.841
16.563 11.929
16.612 12.697
16.661 12.110
16.711 11.497
16.761 12.265
16.810 11.660
16.860 11.743
16.911 11.131
16.961 11.892
17.011 11.284
17.061 11.359
17.112 11.427
17.162 11.506
17.212 12.272
17.262 11.675
17.312 11.740
17.363 11.821
17.413 11.903
17.463 12.673
17.513 12.075
17.564 12.148
17.614 12.930
17.664 12.324
17.714 12.414
17.765 11.801
17.815 12.569
17.866 12.660
17.917 12.050
17.968 11.441
18.019 11.508
18.070 11.582
18.122 11.654
18.173 11.729
18.224 11.800
18.275 12.568
18.326 11.959
18.377 12.725
18.428 12.124
18.479 12.887
18.530 12.288
18.582 11.669
18.633 12.438
18.685 11.824
18.737 10.506
18.790 11.262
18.842 11.323
18.894 11.390
18.946 12.146
18.998 11.531
19.049 12.288
19.102 11.672
19.153 12.437
19.205 11.817
19.258 11.890
19.309 12.655
19.361 12.040
19.413 12.807
19.465 12.890
19.517 12.278
19.569 12.351
19.621 12.431
19.673 12.500
19.726 11.889
19.779 11.954
19.831 12.025
19.884 12.095
19.937 12.165
19.990 10.850
20.043 11.594
20.096 11.661
20.149 12.413
20.201 12.490
20.254 11.869
20.307 12.629
20.360 12.010
20.413 12.073
20.466 12.151
20.519 12.213
20.573 11.593
20.626 11.645
20.680 11.018
20.734 11.761
20.788 10.446
20.842 11.179
20.895 12.617
20.949 11.999
21.003 10.675
21.057 12.107
21.110 12.869
21.163 12.252
21.216 13.005
21.270 12.386
21.323 13.158
21.376 12.533
21.430 12.607
21.483 12.674
21.537 12.747
21.591 12.125
21.645 12.187
21.699 12.248
21.753 12.313
21.807 11.688
21.862 11.742
21.916 11.799
21.970 12.545
22.024 11.926
22.078 12.670
22.133 12.049
22.188 11.414
22.242 12.158
22.296 12.914
22.351 12.287
22.406 10.277
22.462 10.304
22.517 12.416
22.571 11.795
22.626 11.844
22.682 11.209
22.737 11.943
22.791 12.696
22.846 12.066
22.901 12.124
22.956 12.177
23.011 11.546
23.065 12.981
23.120 13.045
23.174 13.115
23.229 13.184
23.283 12.562
23.338 13.314
23.393 12.691
23.448 12.753
23.503 12.121
23.558 12.872
23.613 12.243
23.669 11.606
23.724 12.342
23.780 11.709
23.835 12.446
23.890 13.198
23.945 13.260
24.000 12.639
24.056 12.697
24.111 12.756
24.166 13.506
24.222 12.192
24.278 12.244
24.334 11.603
24.390 11.645
24.447 11.005
24.503 11.723
24.559 11.775
24.615 12.506
24.671 11.874
24.727 13.302
24.783 11.976
24.839 12.031
24.895 12.765
24.952 10.750
25.008 12.850
25.063 12.919
25.119 12.965
25.175 13.722
25.230 13.091
25.287 12.458
25.343 11.822
25.400 12.550
25.456 11.918
25.513 11.951
25.570 11.311
25.627 12.038
25.683 12.072
25.740 12.127
25.795 14.236
25.852 12.938
25.908 12.290
25.965 13.032
26.021 12.397
26.078 12.432
26.136 10.412
26.193 11.817
26.251 10.470
26.308 11.876
26.366 11.919
26.423 11.948
26.480 12.001
26.537 12.031
26.594 12.766
26.651 12.121
26.707 13.551
26.764 12.916
26.821 12.274
26.877 13.702
26.934 12.370
26.991 12.428
27.048 13.153
27.105 12.516
27.162 12.558
27.220 11.907
27.277 12.640
27.335 11.993
27.392 12.028
27.450 11.373
27.508 12.088
27.566 12.130
27.623 12.169
27.681 12.206
27.739 11.545
27.796 12.966
27.854 10.928
27.913 10.265
27.971 12.348
28.029 12.387
28.087 11.740
28.144 12.455
28.205 7.659
28.263 12.472
28.320 12.519
28.378 12.549
28.435 12.596
28.493 12.633
28.551 12.676
28.608 12.722
28.665 13.448
28.723 12.805
28.780 13.549
28.838 12.898
28.895 12.941
28.953 12.985
29.011 12.342
29.068 13.059
29.127 12.422
29.185 11.751
29.243 12.481
29.302 11.817
29.360 11.848
29.418 12.571
29.477 11.904
29.535 12.636
29.594 10.590
29.652 12.671
29.710 12.719
29.769 11.362
29.827 13.464
29.886 10.739
29.945 12.134
30.003 12.166
30.062 11.501
30.121 11.522
30.180 12.234
30.239 11.569
30.297 12.279
30.356 11.621
30.415 12.331
30.473 13.057
30.531 13.090
30.589 13.140
30.647 13.171
30.705 12.521
30.763 13.243
30.822 12.591
30.880 12.626
30.939 12.650
30.998 11.999
31.057 12.012
31.116 12.049
31.175 12.062
31.234 11.392
31.293 12.108
31.351 12.812
31.410 12.859
31.469 12.187
31.527 12.910
31.586 12.245
31.645 12.969
31.704 12.307
31.764 10.256
31.824 11.639
31.883 11.650
31.942 11.676
32.002 11.682
32.061 11.708
32.119 13.791
32.179 11.759
32.238 11.786
32.297 12.484
32.356 12.515
32.415 13.222
32.471 16.728
32.530 12.654
32.589 12.681
32.648 12.009
32.707 12.715
32.766 13.442
32.825 12.093
32.884 12.118
32.944 11.433
33.004 11.450
33.063 12.836
33.122 12.865
33.181 12.207
33.241 12.211
33.300 12.244
33.361 10.873
33.420 12.257
33.480 10.899
33.540 12.272
33.600 11.606
33.660 10.926
33.717 15.072
33.777 11.665
33.838 10.997
33.898 11.673
33.957 11.693
34.017 11.701
34.078 11.005
34.137 11.710
34.197 11.731
34.257 12.416
34.316 12.434
34.376 12.464
34.436 11.090
34.496 11.785
34.556 11.789
34.615 12.492
34.675 11.824
34.735 11.823
34.795 11.158
34.855 11.148
34.914 13.917
34.974 11.875
35.034 11.193
35.095 10.503
35.154 12.564
35.214 11.903
35.274 11.897
35.335 10.523
35.394 13.290
35.454 10.541
35.515 11.229
35.577 8.465
35.637 11.188
35.698 11.185
35.757 11.887
35.817 11.888
35.877 12.599
35.937 11.211
35.997 11.908
36.057 11.920
36.116 12.620
36.175 13.329
36.235 11.974
36.294 12.669
36.355 10.606
36.415 11.988
36.475 11.979
36.535 11.998
36.595 11.313
36.655 11.301
36.716 11.323
36.776 11.294
36.836 11.998
36.896 11.302
36.956 12.699
37.015 12.012
37.075 12.015
37.135 12.035
37.195 12.026
37.255 12.035
37.315 11.351
37.376 11.346
37.436 11.346
37.497 10.654
37.557 11.333
37.617 12.014
37.678 9.944
37.738 12.000
37.798 11.317
37.858 11.993
37.918 12.008
37.978 12.017
38.037 12.702
38.097 12.721
38.156 12.035
38.218 9.971
38.278 12.028
38.337 12.026
38.397 12.025
38.458 11.330
38.518 11.337
38.578 11.326
38.639 11.322
38.699 11.311
38.759 12.005
38.819 11.998
38.878 11.996
38.938 12.018
38.998 12.011
39.058 12.016
39.116 15.462
39.177 9.296
39.238 11.334
39.298 10.631
39.359 10.612
39.420 11.286
39.480 11.288
39.540 11.959
39.600 11.282
39.660 11.266
39.721 11.261
39.781 11.239
39.841 11.928
39.900 12.620
39.960 11.934
40.020 11.944
40.080 11.943
40.140 11.237
40.200 11.931
40.259 13.305
40.319 11.253
40.380 9.863
40.440 12.579
40.501 10.530
40.561 11.192
40.621 11.881
40.681 11.175
40.741 11.857
40.801 11.856
40.861 11.848
40.922 10.460
40.982 11.140
41.042 11.805
41.102 11.121
41.162 11.099
41.223 10.383
41.283 11.068
41.344 11.045
41.404 11.727
41.463 11.712
41.524 11.017
41.584 11.011
41.644 11.675
41.703 12.353
41.763 12.365
41.822 12.365
41.882 11.666
41.941 13.050
42.000 12.360
42.060 11.673
42.120 11.670
42.181 10.951
42.241 10.950
42.300 12.313
42.361 10.909
42.421 10.915
42.480 12.947
42.540 11.598
42.599 12.253
42.659 11.559
42.718 12.260
42.778 11.561
42.838 11.534
42.898 10.842
42.959 10.812
43.019 10.799
43.079 10.763
43.140 10.749
43.200 11.417
43.259 11.412
43.320 9.998
43.380 11.361
43.440 10.633
43.500 12.010
43.559 12.008
43.619 11.982
43.677 13.371
43.737 11.993
43.796 11.280
43.856 11.978
43.915 11.946
43.975 11.267
44.036 9.845
44.097 9.821
44.157 10.460
44.217 11.149
44.277 11.106
44.336 11.774
44.395 11.775
44.455 11.770
44.514 11.736
44.575 10.362
44.634 11.696
44.693 11.684
44.753 11.672
44.813 10.991
44.873 10.242
44.933 10.905
44.992 11.577
45.052 11.564
45.110 12.932
45.170 11.544
45.229 10.856
45.289 11.480
45.348 12.177
45.407 11.491
45.467 10.749
45.526 12.118
45.585 12.125
45.644 12.096
45.703 11.386
45.762 12.076
45.822 11.371
45.882 10.640
45.942 9.934
46.001 11.275
46.062 9.168
46.122 11.205
46.180 13.256
46.239 11.175
46.298 12.539
46.356 11.840
46.416 11.127
46.476 10.411
46.535 11.089
46.594 11.735
46.654 11.021
46.713 11.014
46.772 10.972
46.832 10.941
46.891 11.604
46.950 11.593
47.009 11.564
47.068 11.559
47.126 12.212
47.185 10.823
47.244 12.171
47.302 12.161
47.361 12.834
47.420 11.447
47.478 12.122
47.537 11.425
47.595 12.064
47.654 12.758
47.712 11.365
47.772 9.942
47.832 10.603
47.893 8.489
47.951 11.188
48.010 11.166
48.069 11.145
48.128 11.787
48.186 11.779
48.244 12.459
48.303 11.050
48.361 13.107
48.420 11.701
48.478 10.999
48.537 10.964
48.597 10.247
48.656 10.884
48.715 10.841
48.774 10.822
48.831 12.870
48.890 10.768
48.949 10.742
49.008 11.403
49.066 11.356
49.125 11.349
49.183 12.006
49.241 11.973
49.298 12.650
49.356 11.955
49.415 11.239
49.473 11.190
49.532 11.863
49.590 11.146
49.649 11.108
49.707 10.399
49.766 10.334
49.825 10.984
49.885 8.887
49.943 10.905
50.001 12.227
50.059 11.533
50.117 11.500
50.176 10.074
50.234 11.432
50.292 12.091
50.350 10.662
50.409 10.652
50.467 10.591
50.525 11.251
50.584 10.515
50.642 11.163
50.700 11.131
50.757 11.781
50.815 12.456
50.873 11.061
50.931 11.005
50.988 11.670
51.045 12.327
51.103 11.611
51.161 11.586
51.218 11.560
51.276 10.829
51.334 11.474
51.394 7.300
51.452 11.360
51.509 11.320
51.567 10.598
51.625 10.554
51.683 11.185
51.741 11.178
51.798 11.129
51.855 11.768
51.912 11.751
51.971 10.335
52.028 11.657
52.085 11.627
52.142 11.619
52.200 10.866
52.257 11.531
52.316 8.721
52.373 10.738
52.431 10.661
52.488 11.329
52.545 11.301
52.602 11.243
52.659 12.600
52.716 11.191
52.773 11.149
52.830 11.107
52.887 11.775
52.943 11.706
53.000 11.700
53.057 11.665
53.114 10.942
53.171 11.562
53.227 11.548
53.285 9.426
53.341 12.129
53.399 10.026
53.456 10.657
53.513 10.609
53.571 10.566
53.628 10.517
53.684 11.142
53.741 11.805
53.797 11.079
53.856 8.252
53.912 11.639
53.969 10.905
54.025 10.861
54.085 6.663
54.142 10.029
54.199 10.661
54.255 11.284
54.312 10.563
54.368 11.196
54.423 12.530
54.479 11.837
54.536 10.402
54.592 11.033
54.647 13.070
54.703 10.968
54.758 12.306
54.814 11.587
54.867 15.704
54.923 11.552
54.979 11.510
55.035 10.792
55.091 10.717
55.147 11.358
55.203 10.639
55.260 9.875
55.316 10.499
55.373 9.786
55.429 10.386
55.487 8.250
55.542 10.934
55.598 11.589
55.654 10.832
55.711 8.726
55.766 11.410
55.822 10.650
55.878 9.928
55.934 10.548
55.990 10.494
56.045 10.423
56.102 9.698
56.157 10.990
56.213 10.255
56.268 10.874
56.323 11.541
56.379 10.091
56.434 10.725
56.489 11.362
56.544 11.290
56.599 11.270
56.654 11.220
56.708 11.175
56.763 11.795
56.818 11.076
56.873 11.024
56.927 10.954
56.984 8.833
57.039 10.138
57.093 11.443
57.149 10.033
57.203 12.036
57.258 10.616
57.313 9.848
57.368 9.792
57.423 11.087
57.477 11.053
57.531 11.694
57.586 9.548
57.640 11.580
57.696 9.432
57.750 10.752
57.805 10.690
57.860 9.248
57.914 10.542
57.969 9.791
58.023 11.116
58.078 10.372
58.132 10.994
58.185 10.936
58.239 10.878
58.294 10.114
58.348 10.755
58.402 10.695
58.455 11.321
58.509 11.262
58.562 11.225
58.616 10.466
58.670 11.083
58.723 11.050
58.779 8.204
58.832 10.883
58.886 10.132
58.940 10.063
58.994 10.682
59.048 9.939
59.102 9.857
59.155 10.467
59.208 11.796
59.261 10.369
59.314 10.986
59.368 9.537
59.421 10.865
59.474 10.789
59.528 9.321
59.581 10.652
59.634 10.574
59.688 9.819
59.741 9.742
59.795 10.363
59.848 9.600
59.901 10.213
59.954 10.141
60.007 10.762
60.059 10.697
60.112 9.933
60.166 9.881
60.218 10.469
60.271 10.424
60.323 10.344
60.376 10.956
60.428 10.911
60.480 10.144
60.532 10.760
60.585 10.026
60.637 10.616
60.690 9.863
60.742 9.787
60.795 9.723
60.848 9.628
60.900 9.538
60.953 9.476
61.005 9.379
61.058 9.997
61.110 9.929
61.161 10.543
61.215 7.675
61.267 9.669
61.318 10.973
61.370 10.208
61.422 10.144
61.474 9.368
61.526 9.276
61.578 9.888
61.629 9.820
61.682 9.029
61.733 9.649
61.785 9.561
61.836 10.182
61.888 10.090
61.939 10.019
61.990 9.936
62.041 9.846
62.093 9.796
62.144 9.705
62.195 10.299
62.245 10.931
62.295 10.866
62.346 10.107
62.397 10.014
62.448 9.955
62.498 9.860
62.549 9.788
62.600 9.703
62.651 8.918
62.702 8.839
62.753 9.447
62.805 8.653
62.855 9.247
62.906 9.161
62.957 9.075
63.007 9.663
63.057 10.270
63.107 9.529
63.157 10.094
63.208 9.344
63.258 9.965
63.307 9.855
63.358 9.096
63.408 8.998
63.460 6.837
63.510 8.784
63.561 8.699
63.611 7.886
63.661 9.177
63.711 9.087
63.761 8.308
63.811 9.575
63.860 9.508
63.910 9.399
63.959 9.318
64.008 9.923
64.057 9.843
64.107 8.370
64.156 10.350
64.205 8.196
64.254 10.174
64.303 9.393
64.352 9.313
64.400 9.919
64.449 9.112
64.498 9.739
64.547 8.964
64.596 8.844
64.645 8.769
64.694 8.658
64.742 9.268
64.791 9.153
64.839 9.082
64.888 9.663
64.937 8.202
64.984 10.170
65.032 9.414
65.080 9.312
65.128 9.885
65.176 9.149
65.224 9.021
65.272 8.962
65.320 8.855
65.368 8.724
65.417 7.973
65.464 9.229
65.512 8.451
65.560 9.037
65.607 9.643
65.655 8.847
65.702 8.763
65.750 9.365
65.797 8.543
65.844 9.154
65.892 9.075
65.938 9.670
65.985 9.563
66.032 9.489
66.078 9.391
66.125 9.280
66.172 9.215
66.219 9.114
66.265 9.023
66.312 8.221
66.359 9.529
66.406 8.011
66.453 8.629
66.498 9.884
66.545 8.441
66.592 8.308
66.638 8.918
66.684 8.803
66.729 11.470
66.775 9.338
66.820 9.252
66.867 7.755
66.913 9.046
66.959 8.945
67.005 7.433
67.052 8.033
67.098 8.630
67.143 8.489
67.190 7.705
67.235 8.310
67.281 8.154
67.327 8.088
67.373 7.965
67.418 9.249
67.463 8.441
67.508 9.044
67.553 8.234
67.600 6.750
67.645 8.019
67.690 8.594
67.735 8.478
67.779 9.082
67.824 8.996
67.868 8.850
67.912 8.808
67.957 8.660
68.001 8.592
68.046 8.453
68.090 8.383
68.135 8.253
68.179 8.833
68.223 8.045
68.268 7.947
68.312 7.125
68.357 7.703
68.401 8.287
68.445 7.482
68.489 8.030
68.533 8.643
68.576 8.518
68.620 8.415
68.663 9.010
68.707 8.239
68.750 8.785
68.793 8.022
68.836 8.601
68.880 7.755
68.923 8.389
68.966 8.262
69.010 7.447
69.053 8.042
69.097 5.826
69.140 7.776
69.183 7.677
69.226 8.230
69.268 8.138
69.311 8.009
69.353 8.590
69.396 7.803
69.438 8.382
69.480 8.292
69.523 7.455
69.565 8.717
69.606 8.667
69.649 7.824
69.690 8.403
69.732 8.291
69.773 8.912
69.815 8.085
69.857 7.969
69.898 8.574
69.940 7.743
69.981 7.646
70.023 8.236
70.064 8.100
70.106 7.298
70.147 7.896
70.189 7.068
70.230 6.929
70.272 7.511
70.313 7.389
70.354 7.942
70.395 7.850
70.435 7.757
70.476 8.280
70.516 8.192
70.556 8.092
70.596 8.667
70.637 7.862
70.677 7.759
70.717 8.317
70.758 6.845
70.798 8.092
70.838 7.281
70.878 7.147
70.919 7.046
70.959 7.608
70.999 7.444
71.039 7.383
71.078 7.251
71.118 7.794
71.157 7.691
71.197 7.587
71.236 7.435
71.276 7.363
71.315 7.884
71.354 7.783
71.393 6.993
71.432 8.233
71.470 8.137
71.509 7.993
71.547 7.917
71.585 8.458
71.624 7.667
71.663 7.564
71.701 8.124
71.739 7.317
71.777 7.898
71.815 7.775
71.853 8.315
71.891 7.569
71.929 7.420
71.967 7.315
72.005 7.162
72.044 7.043
72.082 6.258
72.120 7.455
72.157 7.352
72.195 6.572
72.233 7.773
72.270 6.975
72.307 7.565
72.345 6.730
72.382 7.294
72.419 7.865
72.456 7.733
72.494 5.537
72.531 7.496
72.567 7.360
72.604 7.909
72.640 7.126
72.677 7.009
72.714 6.832
72.751 6.746
72.787 7.288
72.824 6.463
72.860 7.048
72.896 6.908
72.932 7.464
72.968 7.329
73.004 7.251
73.039 7.044
73.075 6.974
73.111 7.543
73.146 7.410
73.185 2.441
73.220 6.389
73.255 7.675
73.290 7.486
73.325 7.434
73.360 7.300
73.395 7.841
73.429 7.724
73.464 6.232
73.499 7.481
73.533 7.349
73.568 7.226
73.602 7.103
73.637 6.977
73.671 6.827
73.705 7.410
73.740 6.590
73.774 7.146
73.808 7.034
73.842 6.873
73.876 6.059
73.912 3.860
73.946 6.443
73.980 6.987
74.013 6.897
74.047 6.713
74.080 7.307
74.113 6.487
74.146 7.719
74.179 6.917
74.212 7.480
74.244 7.385
74.277 7.197
74.310 7.099
74.342 7.676
74.377 2.692
74.410 7.348
74.442 6.553
74.474 7.788
74.507 6.277
74.539 6.868
74.571 6.686
74.603 6.583
74.635 6.432
74.667 6.967
74.699 6.192
74.733 3.252
74.765 6.543
74.796 7.091
74.828 6.960
74.859 7.537
74.890 6.701
74.921 6.588
74.952 7.126
74.983 6.297
75.014 6.878
75.045 6.046
75.076 6.577
75.107 6.464
75.138 6.325
75.169 5.451
75.199 7.409
75.229 6.619
75.259 7.159
75.289 6.984
75.319 6.900
75.349 6.780
75.379 6.588
75.409 6.476
75.439 7.061
75.468 6.886
75.498 6.766
75.527 7.355
75.556 6.485
75.585 6.395
75.615 6.945
75.644 6.058
75.673 6.639
75.702 6.541
75.732 5.660
75.760 6.924
75.789 6.119
75.818 5.932
75.847 5.790
75.876 6.334
75.904 6.232
75.933 6.059
75.961 6.607
75.989 6.497
76.017 6.992
76.044 6.911
76.073 6.061
76.100 6.597
76.128 6.488
76.156 6.343
76.183 6.895
76.210 6.056
76.238 6.628
76.265 6.462
76.292 6.317
76.319 6.193
76.346 6.045
76.373 6.571
76.400 5.787
76.428 5.611
76.455 5.444
76.482 5.321
76.509 5.850
76.536 5.652
76.562 5.556
76.589 5.389
76.615 5.919
76.642 5.804
76.668 5.629
76.694 6.163
76.720 6.028
76.746 5.192
76.772 5.721
76.798 5.569
76.824 5.403
76.849 5.981
76.875 5.088
76.900 5.674
76.926 5.510
76.951 5.310
76.976 5.200
77.001 5.718
77.026 5.591
77.051 5.415
77.076 5.948
77.101 5.126
77.125 6.307
77.149 5.513
77.173 6.071
77.198 5.203
77.222 5.723
77.246 4.909
77.270 5.414
77.294 5.272
77.318 5.129
77.342 4.915
77.366 4.825
77.390 5.318
77.414 5.164
77.437 5.009
77.461 4.852
77.484 5.369
77.507 5.193
77.531 4.386
77.554 4.909
77.577 4.705
77.600 4.580
77.623 4.395
77.646 4.220
77.669 4.065
77.692 4.585
77.714 5.065
77.737 4.946
77.759 4.813
77.781 4.610
77.803 5.137
77.824 4.984
77.846 4.830
77.868 5.326
77.889 5.199
77.910 5.048
77.931 5.547
77.952 4.725
77.973 5.290
77.994 5.083
78.015 5.595
78.035 5.496
78.055 5.280
78.076 5.154
78.096 5.015
78.116 5.539
78.137 4.683
78.156 5.191
78.176 5.076
78.197 4.180
78.217 4.705
78.237 4.550
78.257 4.393
78.276 4.898
78.296 4.769
78.315 4.569
78.335 4.401
78.354 4.942
78.373 4.046
78.392 4.606
78.411 4.439
78.430 4.282
78.449 4.065
78.468 4.626
78.487 4.461
78.505 4.235
78.523 4.787
78.541 4.682
78.561 3.062
78.579 4.275
78.596 4.793
78.614 4.631
78.632 4.467
78.649 4.336
78.667 4.063
78.685 3.986
78.702 4.478
78.719 4.278
78.737 4.157
78.754 3.965
78.771 3.805
78.788 3.562
78.805 4.143
78.822 3.940
78.838 4.457
78.854 4.304
78.871 4.115
78.887 4.658
78.903 3.775
78.918 5.001
78.934 4.111
78.950 3.967
78.966 4.497
78.981 4.346
78.996 4.101
79.012 4.004
79.027 3.790
79.043 3.584
79.058 4.145
79.073 3.957
79.088 3.777
79.102 3.608
79.117 4.135
79.132 3.213
79.146 3.770
79.161 4.277
79.175 3.392
79.189 3.941
79.203 4.462
79.217 3.545
79.230 4.108
79.244 3.210
79.258 4.433
79.271 3.528
79.285 3.393
79.298 3.221
79.312 3.676
79.325 3.554
79.338 3.350
79.351 3.143
79.364 3.703
79.376 3.489
79.389 3.296
79.402 3.101
79.415 2.951
79.427 3.474
79.439 3.223
79.451 3.087
79.463 3.600
79.475 3.387
79.487 3.241
79.498 3.024
79.510 3.538
79.521 3.406
79.532 3.157
79.543 3.685
79.555 2.845
79.566 3.323
79.576 3.131
79.587 3.636
79.598 2.785
79.608 3.274
79.618 3.805
79.629 2.922
79.639 3.425
79.649 3.201
79.658 3.743
79.668 2.918
79.678 3.388
79.687 3.211
79.697 3.020
79.706 3.526
79.715 3.340
79.724 3.163
79.732 3.648
79.741 2.800
79.750 3.316
79.758 3.815
79.767 2.935
79.775 3.465
79.783 3.291
79.791 3.709
79.799 2.921
79.807 3.440
79.815 3.232
79.822 3.044
79.829 3.553
79.837 3.359
79.844 3.220
79.851 2.986
79.859 2.785
79.865 3.350
79.872 3.165
79.879 2.897
79.885 3.487
79.892 2.594
79.898 3.111
79.905 2.866
79.911 2.711
79.917 2.554
79.923 3.013
79.930 2.173
79.936 2.628
79.941 2.424
79.947 2.964
79.952 2.765
79.958 2.529
79.963 2.406
79.968 2.865
79.973 2.712
79.978 2.488
79.983 3.006
79.988 2.110
79.992 2.601
79.996 3.133
80.001 2.239
80.005 2.686
80.009 2.556
80.013 3.053
80.017 2.159
80.020 2.663
80.024 2.475
80.028 2.239
80.031 2.081
80.034 2.596
80.038 2.373
80.041 2.194
80.044 1.990
80.047 2.494
80.049 2.258
80.052 2.090
80.055 1.932
80.057 2.354
80.059 2.223
80.062 2.020
80.063 2.456
80.066 1.616
80.067 2.781
80.069 1.887
80.070 2.403
80.072 2.216
80.073 2.038
80.074 2.475
80.075 2.324
80.076 2.124
80.077 1.853
80.077 2.440
80.078 2.208
80.078 2.706
80.078 2.536
80.078 2.317
80.078 2.142
80.078 2.035
80.077 2.719
80.077 2.014
80.077 1.999
80.077 1.984
80.077 2.657
80.077 1.963
80.077 1.949
80.077 1.934
80.077 1.919
80.077 1.904
80.077 1.889
80.077 1.874
80.077 1.859
80.077 1.845
80.077 1.830
80.077 1.815
80.077 1.800
80.077 1.785
80.077 1.770
80.077 1.755
80.077 1.741
80.077 1.726
80.077 1.711
80.077 1.696
80.077 1.681
80.077 1.666
80.077 1.651
80.077 1.637
80.077 1.622
80.077 1.607
80.077 1.592
80.077 1.577
80.077 1.562
80.077 1.547
80.077 1.533
80.077 1.518
80.077 1.503
80.077 1.488
80.077 1.473
80.077 1.458
80.077 1.443
80.077 1.429
80.077 1.414
80.077 1.399
80.077 1.384
80.077 1.369
80.077 1.354
80.077 1.339
80.077 1.325
80.077 1.310
80.077 1.295
80.077 1.280
80.077 1.265
80.077 1.250
80.077 1.236
80.077 1.221
80.077 1.206
80.077 1.191
80.077 1.176
80.077 1.161
80.077 1.146
80.077 1.132
80.077 1.117
80.077 1.102
80.077 1.087
80.077 1.072
80.077 1.057
80.077 1.042
80.077 1.028
80.077 1.013
80.077 0.998
80.077 0.983
80.077 0.968
80.077 0.953
80.077 0.938
80.077 0.924
80.077 0.909
80.077 0.894
80.077 0.879
80.077 0.864
80.077 0.849
80.077 0.834
80.077 0.820
80.077 0.805
80.077 0.790
80.077 0.775
80.077 0.760
80.077 0.745
80.077 0.730
80.077 0.716
80.077 0.701
80.077 0.686
80.077 0.671
80.077 0.656
80.077 0.641
80.077 0.626
80.077 0.612
80.077 0.597
80.077 0.582
80.077 0.567
80.077 0.552
80.076 1.236
80.076 0.531
80.076 0.517
80.076 0.502
80.076 0.487
80.076 0.472
80.076 0.458
80.076 0.443
80.076 0.428
80.076 0.413
80.076 0.399
80.076 0.384
80.076 0.369
80.076 1.042
80.076 0.348
80.076 0.334
80.076 0.319
80.076 0.304
80.076 0.290
80.076 0.275
80.076 0.260
80.076 0.246
80.076 0.231
80.076 0.216
80.076 0.201
80.076 0.187
80.076 0.172
80.076 0.157
80.076 0.143
80.076 0.128
80.076 0.113
80.076 0.099
80.075 0.771
80.075 0.078
80.075 0.064
80.075 0.049
80.075 0.034
80.075 0.020
80.075 0.005
80.075 -0.009
80.075 -0.024
80.075 -0.039
80.075 -0.053
80.075 -0.068
80.075 -0.082
80.075 -0.097
80.075 -0.112
80.075 -0.126
80.075 -0.141
80.075 -0.155
80.075 -0.170
80.075 -0.185
80.075 -0.199
80.075 -0.214
80.075 -0.228
80.075 -0.243
80.075 -0.258
80.075 -0.272
80.075 -0.287
80.075 -0.301
80.075 -0.316
80.075 -0.330
80.075 -0.345
80.075 -0.360
80.075 -0.374
80.075 -0.389
80.075 -0.403
80.075 -0.418
80.075 -0.433
80.075 -0.447
80.075 -0.462
80.075 -0.476
80.075 -0.491
80.075 -0.506
80.075 -0.520
80.075 0.164
80.075 -0.540
80.075 -0.555
80.075 -0.569
80.075 -0.584
80.075 -0.598
80.074 0.074
80.074 -0.619
80.074 -0.633
80.074 -0.647
80.074 0.037
80.074 -0.667
80.074 -0.682
80.074 -0.696
80.074 -0.710
80.073 -0.037
80.073 -0.730
80.073 -0.744
80.073 -0.060
80.073 -0.764
80.073 -0.778
80.073 -0.792
80.073 -0.806
80.073 -0.133
80.073 -0.826
80.073 -0.840
80.072 -0.155
80.072 -0.859
80.072 -0.873
80.072 -0.887
80.072 -0.901
80.072 -0.915
80.072 -0.929
80.072 -0.256
80.072 -0.948
80.072 -0.962
80.072 -0.976
80.072 -0.990
80.072 -1.004
80.072 -1.018
80.072 -1.032
80.072 -1.045
80.071 -0.372
80.071 -1.064
80.071 -1.078
80.071 -1.092
80.071 -1.106
80.071 -1.120
80.071 -1.133
80.071 -1.147
80.071 -1.161
80.071 -1.175
80.071 -1.189
80.071 -1.202
80.071 -1.216
80.071 -1.230
80.071 -1.244
80.071 -1.258
80.071 -1.271
80.071 -1.285
80.071 -0.600
80.071 -1.304
80.071 -1.318
80.071 -1.331
80.071 -1.345
80.071 -1.359
80.071 -1.372
80.071 -1.386
80.071 -1.400
80.071 -1.414
80.071 -1.427
80.070 -0.754
80.070 -1.446
80.070 -1.460
80.070 -1.473
80.070 -1.487
80.070 -1.501
80.070 -1.514
80.070 -1.528
80.070 -1.541
80.070 -1.555
80.070 -1.569
80.070 -1.582
80.070 -0.897
80.070 -1.601
80.070 -1.614
80.070 -1.628
80.070 -1.641
80.070 -1.655
80.070 -1.668
80.070 -1.682
80.069 -1.008
80.069 -1.700
80.069 -1.713
80.069 -1.727
80.069 -1.740
80.069 -1.754
80.069 -1.068
80.069 -1.772
80.069 -1.785
80.069 -1.798
80.069 -1.812
80.068 -1.138
80.068 -1.830
80.068 -1.843
80.068 -1.856
80.068 -1.870
80.068 -1.184
80.068 -1.887
80.068 -1.900
80.068 -1.226
80.068 -1.918
80.068 -1.931
80.068 -1.944
80.067 -1.270
80.067 -1.962
80.067 -1.975
80.067 -1.289
80.067 -1.992
80.067 -2.004
80.066 -1.330
80.066 -2.022
80.066 -2.034
80.066 -1.348
80.066 -2.051
80.066 -2.064
80.065 -1.389
80.065 -2.080
80.065 -2.093
80.065 -1.407
80.065 -2.109
80.065 -2.122
80.064 -1.447
80.064 -2.138
80.064 -1.452
80.064 -2.154
80.064 -2.167
80.063 -1.492
80.063 -1.495
80.063 -2.186
80.063 -1.499
80.063 -2.202
80.062 -1.526
80.062 -2.217
80.062 -1.530
80.061 -1.545
80.061 -1.536
80.061 -2.238
80.060 -1.563
80.060 -1.554
80.059 -1.568
80.059 -1.571
80.059 -1.562
80.058 -1.576
80.058 -1.567
80.057 -1.581
80.057 -1.572
80.057 -2.273
80.056 -1.597
80.056 -1.587
80.055 -1.601
80.055 -2.290
80.055 -1.613
80.055 -2.303
80.054 -1.614
80.054 -1.628
80.054 -2.317
80.054 -2.327
80.054 -2.338
80.054 -2.348
80.054 -1.660
80.054 -2.360
80.054 -2.370
80.054 -2.381
80.054 -2.391
80.054 -2.402
80.054 -2.412
80.054 -2.422
80.054 -2.433
80.054 -2.443
80.054 -2.453
80.054 -2.464
80.054 -2.474
80.054 -2.485
80.054 -2.495
80.054 -2.505
80.054 -2.516
80.054 -2.526
80.054 -2.536
80.054 -2.547
80.054 -2.557
80.054 -2.568
80.054 -2.578
80.054 -2.588
80.054 -2.599
80.054 -2.609
80.054 -2.619
80.054 -2.630
80.054 -2.640
80.054 -2.651
80.054 -2.661
80.054 -2.671
80.054 -2.682
80.054 -2.692
80.054 -2.702
80.054 -2.713
80.054 -2.723
80.054 -2.734
80.054 -2.744
80.054 -2.754
80.054 -2.765
80.054 -2.775
80.054 -2.785
80.053 -2.108
80.053 -2.797
80.053 -2.808
80.053 -2.818
80.053 -2.828
80.053 -2.838
80.053 -2.849
80.053 -2.859
80.053 -2.869
80.053 -2.880
80.053 -2.890
80.053 -2.900
80.053 -2.910
80.053 -2.921
80.053 -2.232
80.053 -2.932
80.053 -2.943
80.053 -2.953
80.053 -2.963
80.052 -2.286
80.052 -2.974
80.052 -2.985
80.052 -2.995
80.052 -3.005
80.052 -2.328
80.052 -3.016
80.052 -3.026
80.051 -2.337
80.051 -3.037
80.051 -2.360
80.051 -3.048
80.050 -2.359
80.050 -3.059
80.050 -2.382
80.049 -2.371
80.049 -3.070
80.049 -2.393
80.049 -2.382
80.048 -2.394
80.048 -2.395
80.047 -2.383
80.047 -2.395
80.046 -1.697
80.045 -2.375
80.045 -2.387
80.044 -2.375
80.044 -2.387
80.044 -2.386
80.043 -2.374
80.043 -2.386
80.042 -2.373
80.042 -2.384
80.041 -2.372
80.041 -2.383
80.041 -3.069
80.040 -2.378
80.040 -2.389
80.040 -3.075
80.039 -2.396
80.039 -3.082
80.039 -2.391
80.039 -2.401
80.039 -3.087
80.038 -2.395
80.038 -2.406
80.038 -3.091
80.037 -2.400
80.037 -3.097
80.037 -2.417
80.036 -2.404
80.036 -3.101
80.036 -2.421
80.035 -2.419
80.035 -2.405
80.034 -2.415
80.034 -2.401
80.034 -2.410
80.033 -2.397
80.033 -2.406
80.032 -2.392
80.032 -2.401
80.031 -2.398
80.031 -2.384
80.030 -2.393
80.030 -2.378
80.029 -1.688
80.029 -2.375
80.028 -2.360
80.027 -1.681
80.027 -2.344
80.026 -2.352
80.026 -2.337
80.025 -2.345
80.025 -2.329
80.024 -2.337
80.024 -2.321
80.024 -3.016
80.024 -2.333
80.023 -2.329
80.023 -3.012
80.023 -3.017
80.023 -3.021
80.023 -2.327
80.023 -3.021
80.023 -3.025
80.023 -3.030
80.023 -3.034
80.023 -3.039
80.023 -3.043
80.023 -3.047
80.023 -3.052
80.023 -3.056
80.023 -3.061
80.023 -3.065
80.023 -3.069
80.023 -3.074
80.023 -3.078
80.023 -3.083
80.023 -3.087
80.023 -3.091
80.023 -3.096
80.023 -3.100
80.023 -3.105
80.023 -3.109
80.023 -3.113
80.023 -3.118
80.023 -3.122
80.023 -3.126
80.023 -3.131
80.023 -3.135
80.023 -3.140
80.023 -3.144
80.023 -3.148
80.023 -3.153
80.023 -3.157
80.023 -3.162
80.023 -3.166
80.023 -3.170
80.023 -3.175
80.023 -3.179
80.023 -3.184
80.023 -3.188
80.023 -3.192
80.023 -3.197
80.023 -3.201
80.023 -3.206
80.023 -3.210
80.023 -3.214
80.023 -3.219
80.023 -3.223
80.023 -3.228
80.023 -3.232
80.023 -3.236
80.023 -3.241
80.023 -3.245
80.023 -3.250
80.023 -3.254
80.023 -3.258
80.023 -3.263
80.023 -3.267
80.023 -3.272
80.023 -3.276
80.023 -3.280
80.023 -3.285
80.023 -3.289
80.023 -3.293
80.023 -3.298
80.023 -3.302
80.023 -3.307
80.023 -3.311
80.023 -3.315
80.023 -3.320
80.023 -3.324
80.023 -3.329
80.023 -3.333
80.023 -3.337
80.023 -3.342
80.023 -3.346
80.023 -3.351
80.023 -3.355
80.023 -3.359
80.023 -3.364
80.023 -3.368
80.023 -3.373
80.023 -3.377
80.023 -3.381
80.023 -3.386
80.023 -3.390
80.023 -3.395
80.023 -3.399
80.023 -3.403
80.023 -3.408
80.023 -3.412
80.023 -3.417
80.023 -3.421
80.023 -3.425
80.023 -3.430
80.023 -3.434
80.023 -3.439
80.023 -3.443
80.023 -3.447
80.023 -3.452
80.023 -3.456
80.023 -3.460
80.023 -3.465
80.023 -3.469
80.023 -3.474
80.023 -3.478
80.023 -3.482
80.023 -3.487
80.023 -3.491
80.023 -3.496
80.023 -3.500
80.023 -3.504
80.023 -3.509
80.023 -3.513
80.023 -3.518
80.023 -3.522
80.023 -3.526
80.022 -2.843
80.022 -3.526
80.022 -3.531
80.022 -3.535
80.022 -3.539
80.022 -3.544
80.022 -3.548
80.022 -3.552
80.022 -3.557
80.022 -3.561
80.022 -3.565
80.022 -3.569
80.022 -3.574
80.022 -3.578
80.022 -3.582
80.022 -3.587
80.022 -3.591
80.022 -3.595
80.022 -3.600
80.022 -3.604
80.022 -3.608
80.022 -3.612
80.022 -3.617
80.022 -3.621
80.022 -2.926
80.022 -3.621
80.022 -3.625
80.022 -3.629
80.022 -3.633
80.022 -3.638
80.022 -3.642
80.022 -3.646
80.022 -3.650
80.022 -3.655
80.021 -2.971
80.021 -3.654
80.021 -3.658
80.021 -3.662
80.021 -3.666
80.021 -3.671
80.021 -3.675
80.021 -2.980
80.021 -3.674
80.021 -3.678
80.021 -3.682
80.020 -2.999
80.020 -3.681
80.020 -3.685
80.020 -3.689
80.020 -2.994
80.020 -3.688
80.020 -3.005
80.020 -3.687
80.020 -3.691
80.019 -3.007
80.019 -3.690
80.019 -2.994
80.018 -3.001
80.018 -3.683
80.018 -2.987
80.017 -2.994
80.017 -3.676
80.017 -2.980
80.017 -3.673
80.016 -2.989
80.016 -2.984
80.016 -3.665
80.015 -2.969
80.015 -2.975
80.015 -3.657
80.015 -3.660
80.015 -2.963
80.015 -3.656
80.015 -3.659
80.014 -2.975
80.014 -3.656
80.014 -3.659
80.014 -3.661
80.014 -3.664
80.014 -3.667
80.014 -3.670
80.014 -3.672
80.014 -3.675
80.014 -3.678
80.014 -3.681
80.014 -3.683
80.014 -3.686
80.014 -3.689
80.014 -3.691
80.014 -3.694
80.014 -3.697
80.014 -3.700
80.014 -3.702
80.014 -3.705
80.014 -3.708
80.014 -3.711
80.014 -3.713
80.014 -3.716
80.014 -3.719
80.014 -3.721
80.014 -3.724
80.014 -3.727
80.014 -3.730
80.014 -3.732
80.014 -3.735
80.014 -3.738
80.014 -3.740
80.014 -3.743
80.014 -3.746
80.014 -3.749
80.014 -3.751
80.014 -3.754
80.014 -3.757
80.014 -3.760
80.014 -3.762
80.014 -3.765
80.014 -3.768
80.014 -3.770
80.014 -3.773
80.014 -3.776
80.014 -3.779
80.014 -3.781
80.014 -3.784
80.014 -3.787
80.014 -3.790
80.014 -3.792
80.014 -3.795
80.014 -3.798
80.014 -3.800
80.014 -3.803
80.014 -3.806
80.014 -3.809
80.014 -3.811
80.014 -3.814
80.014 -3.817
80.014 -3.820
80.014 -3.822
80.014 -3.825
80.014 -3.828
80.014 -3.830
80.014 -3.833
80.014 -3.836
80.014 -3.839
80.014 -3.841
80.014 -3.844
80.014 -3.847
80.014 -3.850
80.014 -3.852
80.014 -3.855
80.014 -3.858
80.014 -3.860
80.014 -3.863
80.014 -3.866
80.014 -3.869
80.014 -3.871
80.014 -3.874
80.014 -3.877
80.014 -3.879
80.014 -3.882
80.014 -3.885
80.014 -3.888
80.014 -3.890
80.014 -3.893
80.014 -3.896
80.014 -3.899
80.014 -3.901
80.014 -3.904
80.014 -3.907
80.014 -3.909
80.014 -3.912
80.014 -3.915
80.014 -3.918
80.014 -3.920
80.014 -3.923
80.014 -3.926
80.014 -3.929
80.014 -3.931
80.014 -3.934
80.014 -3.937
80.014 -3.939
80.014 -3.942
80.014 -3.945
80.014 -3.948
80.014 -3.950
80.014 -3.953
80.014 -3.956
80.014 -3.959
80.014 -3.961
80.014 -3.964
80.014 -3.967
80.014 -3.969
80.014 -3.972
80.014 -3.975
80.014 -3.978
80.014 -3.980
80.014 -3.983
80.014 -3.986
80.014 -3.989
80.014 -3.991
80.014 -3.295
80.014 -3.988
80.014 -3.990
80.014 -3.993
80.014 -3.996
80.014 -3.998
80.014 -4.001
80.014 -4.004
80.014 -4.006
80.014 -4.009
80.014 -4.011
80.014 -4.014
80.014 -4.017
80.014 -4.019
80.014 -4.022
80.014 -4.025
80.014 -4.027
80.014 -4.030
80.014 -4.033
80.014 -4.035
80.014 -4.038
80.014 -4.040
80.014 -4.043
80.014 -4.046
80.014 -4.048
80.014 -4.051
80.014 -4.054
80.014 -4.056
80.014 -4.059
80.014 -4.062
80.014 -4.064
80.014 -4.067
80.014 -4.069
80.014 -4.072
80.014 -4.075
80.014 -4.077
80.014 -4.080
80.014 -4.083
80.014 -4.085
80.014 -4.088
80.014 -4.091
80.014 -4.093
80.014 -4.096
80.014 -4.098
80.014 -4.101
80.014 -4.104
80.014 -4.106
80.014 -4.109
80.014 -4.112
80.014 -4.114
80.013 -3.430
80.013 -4.111
80.013 -4.113
80.013 -4.116
80.013 -4.118
80.013 -4.121
80.013 -4.123
80.013 -4.126
80.013 -4.129
80.013 -4.131
80.013 -4.134
80.013 -4.136
80.013 -4.139
80.013 -4.141
80.013 -4.144
80.013 -4.146
80.013 -4.149
80.013 -4.151
80.013 -4.154
80.013 -4.157
80.013 -4.159
80.013 -4.162
80.013 -4.164
80.013 -4.167
80.013 -4.169
80.013 -4.172
80.013 -4.174
80.013 -4.177
80.013 -4.180
80.013 -4.182
80.013 -4.185
80.013 -4.187
80.013 -4.190
80.013 -4.192
80.013 -4.195
80.013 -4.197
80.013 -3.501
80.013 -4.194
80.013 -4.196
80.013 -4.198
80.013 -4.201
80.013 -4.203
80.013 -4.206
80.013 -4.208
80.013 -4.211
80.013 -4.213
80.013 -4.216
80.013 -4.218
80.013 -4.221
80.013 -4.223
80.013 -4.226
80.013 -4.228
80.013 -4.230
80.013 -4.233
80.012 -3.548
80.012 -4.229
80.012 -4.231
80.012 -4.234
80.012 -4.236
80.012 -4.238
80.012 -4.241
80.012 -4.243
80.012 -4.246
80.012 -4.248
80.012 -4.250
80.012 -4.253
80.012 -3.568
80.012 -4.249
80.012 -4.251
80.012 -4.253
80.012 -4.256
80.012 -4.258
80.011 -3.561
80.011 -4.253
80.011 -4.256
80.011 -4.258
80.011 -3.573
80.011 -4.253
80.011 -4.255
80.010 -3.559
80.010 -4.251
80.010 -4.253
80.010 -3.567
80.010 -4.248
80.010 -3.551
80.010 -4.243
80.009 -3.557
80.009 -3.539
80.009 -4.231
80.008 -3.545
80.008 -3.538
80.007 -3.519
80.007 -4.210
80.007 -3.524
80.006 -3.505
80.006 -3.509
80.006 -4.189
80.005 -3.491
80.005 -3.495
80.005 -3.476
80.004 -3.479
80.004 -3.471
80.003 -3.452
80.003 -3.455
80.002 -3.435
80.002 -3.438
80.001 -3.418
80.000 -2.722
80.000 -3.404
80.000 -3.395
79.999 -2.687
79.998 -3.357
79.997 -2.660
79.997 -3.341
79.996 -3.320
79.996 -3.322
79.995 -2.614
79.995 -3.294
79.994 -3.273
79.994 -3.274
79.993 -3.253
79.993 -3.941
79.993 -3.253
79.992 -3.231
79.992 -3.232
79.991 -3.222
79.991 -3.200
79.990 -3.201
79.990 -3.179
79.990 -3.179
79.989 -3.157
79.989 -3.158
79.988 -3.135
79.988 -3.136
79.987 -2.426
79.986 -3.104
79.986 -3.081
79.985 -2.382
79.985 -3.061
79.984 -3.037
79.984 -3.037
79.983 -3.025
79.983 -3.002
79.982 -3.001
79.982 -2.977
79.981 -2.976
79.981 -2.952
79.980 -2.952
79.980 -3.626
79.980 -2.935
79.980 -2.911
79.980 -3.597
79.979 -2.906
79.979 -3.580
79.979 -2.877
79.979 -3.563
79.978 -2.872
79.978 -3.546
79.978 -2.843
79.978 -3.529
79.978 -3.525
79.977 -2.833
79.977 -3.507
79.977 -2.804
79.977 -3.489
79.977 -3.485
79.977 -3.480
79.976 -2.789
79.976 -3.463
79.976 -3.458
79.976 -3.453
79.976 -3.449
79.976 -3.444
79.976 -3.440
79.976 -3.435
79.976 -3.431
79.976 -3.426
79.976 -3.421
79.976 -3.417
79.976 -3.412
79.976 -3.408
79.976 -3.403
79.976 -3.399
79.976 -3.394
79.976 -3.389
79.976 -3.385
79.976 -3.380
79.976 -3.376
79.976 -3.371
79.976 -3.367
79.976 -3.362
79.976 -3.357
79.976 -3.353
79.976 -3.348
79.976 -3.344
79.976 -3.339
79.976 -3.335
79.976 -3.330
79.976 -3.326
79.976 -3.321
79.976 -3.316
79.976 -3.312
79.976 -3.307
79.976 -3.303
79.976 -3.298
79.976 -3.294
79.976 -3.289
79.976 -3.284
79.976 -3.280
79.976 -3.275
79.976 -3.271
79.976 -3.266
79.976 -3.262
79.976 -3.257
79.976 -3.252
79.976 -3.248
79.976 -3.243
79.976 -3.239
79.976 -3.234
79.976 -3.230
79.976 -3.225
79.976 -3.220
79.976 -3.216
79.976 -3.211
79.976 -3.207
79.976 -3.202
79.976 -3.198
79.976 -3.193
79.976 -3.188
79.976 -3.184
79.976 -3.179
79.976 -3.175
79.976 -3.170
79.976 -3.166
79.976 -3.161
79.976 -3.156
79.976 -3.152
79.976 -3.147
79.976 -3.143
79.976 -3.138
79.976 -3.134
79.976 -3.129
79.976 -3.124
79.976 -3.120
79.976 -3.115
79.976 -3.111
79.976 -3.106
79.976 -3.102
79.976 -3.097
79.976 -3.092
79.976 -3.088
79.976 -3.083
79.976 -3.079
79.976 -3.074
79.976 -3.070
79.976 -3.065
79.976 -3.060
79.976 -3.056
79.976 -3.051
79.976 -3.047
79.976 -3.042
79.976 -3.038
79.976 -3.033
79.976 -3.028
79.976 -3.024
79.976 -3.019
79.976 -3.015
79.976 -3.010
79.976 -3.006
79.976 -3.001
79.976 -2.996
79.976 -2.992
79.976 -2.987
79.976 -2.983
79.976 -2.978
79.976 -2.974
79.976 -2.969
79.976 -2.964
79.976 -2.960
79.976 -2.955
79.976 -2.951
79.976 -2.946
79.976 -2.942
79.976 -2.937
79.976 -2.932
79.976 -2.928
79.976 -2.923
79.976 -2.919
79.976 -2.914
79.976 -2.910
79.976 -2.905
79.976 -2.900
79.976 -2.896
79.976 -2.891
79.976 -2.887
79.976 -2.882
79.976 -2.878
79.976 -2.873
79.976 -2.869
79.976 -2.864
79.976 -2.859
79.976 -2.855
79.976 -2.850
79.976 -2.846
79.976 -2.841
79.976 -2.837
79.976 -2.832
79.976 -2.827
79.976 -2.823
79.976 -2.818
79.976 -2.814
79.976 -2.809
79.976 -2.805
79.976 -2.800
79.976 -2.795
79.976 -2.791
79.976 -2.786
79.976 -2.782
79.976 -2.777
79.976 -2.773
79.976 -2.768
79.976 -2.763
79.976 -2.759
79.976 -2.754
79.976 -2.750
79.976 -2.745
79.976 -2.741
79.976 -2.736
79.976 -2.731
79.976 -2.727
79.976 -2.722
79.976 -2.718
79.976 -2.713
79.976 -2.709
79.976 -2.704
79.976 -2.699
79.976 -2.695
79.976 -2.690
79.976 -2.686
79.976 -2.681
79.976 -2.677
79.976 -2.672
79.976 -2.667
79.976 -2.663
79.976 -2.658
79.976 -2.654
79.976 -2.649
79.976 -2.645
79.976 -2.640
79.976 -2.635
79.976 -2.631
79.976 -2.626
79.976 -2.622
79.976 -2.617
79.976 -2.613
79.976 -2.608
79.976 -2.603
79.976 -2.599
79.976 -2.594
79.976 -2.590
79.976 -2.585
79.976 -2.581
79.976 -2.576
79.976 -2.571
79.976 -2.567
79.976 -2.562
79.976 -2.558
79.976 -2.553
79.976 -2.549
79.976 -2.544
79.976 -2.539
79.976 -2.535
79.976 -2.530
79.976 -2.526
79.976 -2.521
79.976 -2.517
79.976 -2.512
79.976 -2.507
79.976 -2.503
79.976 -2.498
79.976 -2.494
79.976 -2.489
79.976 -2.485
79.976 -2.480
79.976 -2.475
79.976 -2.471
79.976 -2.466
79.976 -2.462
79.976 -2.457
79.976 -2.453
79.976 -2.448
79.976 -2.443
79.976 -2.439
79.976 -2.434
79.976 -2.430
79.976 -2.425
79.976 -2.421
79.976 -2.416
79.976 -2.412
79.976 -2.407
79.976 -2.402
79.976 -2.398
79.976 -2.393
79.976 -2.389
79.976 -2.384
79.976 -2.380
79.976 -2.375
79.976 -2.370
79.976 -2.366
79.976 -2.361
79.976 -2.357
79.976 -2.352
79.976 -2.348
79.976 -2.343
79.976 -2.338
79.976 -2.334
79.976 -2.329
79.976 -2.325
79.976 -2.320
79.976 -2.316
79.976 -2.311
79.976 -2.306
79.976 -2.302
79.976 -2.297
79.976 -2.293
79.976 -2.288
79.976 -2.284
79.976 -2.279
79.976 -2.274
79.976 -2.270
79.976 -2.265
79.976 -2.261
79.976 -2.256
79.976 -2.252
79.976 -2.247
79.976 -2.242
79.976 -2.238
79.976 -2.233
79.976 -2.229
79.976 -2.224
79.976 -2.220
79.976 -2.215
79.976 -2.210
79.976 -2.206
79.976 -2.201
79.976 -2.197
79.976 -2.192
79.976 -2.188
79.976 -2.183
79.976 -2.178
79.976 -2.174
79.976 -2.169
79.976 -2.165
79.976 -2.160
79.976 -2.156
79.976 -2.151
79.976 -2.146
79.976 -2.142
79.976 -2.137
79.976 -2.133
79.976 -2.128
79.976 -2.124
79.976 -2.119
79.976 -2.114
79.976 -2.110
79.976 -2.105
79.976 -2.101
79.976 -2.096
79.976 -2.092
79.976 -2.087
79.976 -2.082
79.976 -2.078
79.976 -2.073
79.976 -2.069
79.976 -2.064
79.976 -2.060
79.976 -2.055
79.976 -2.050
79.976 -2.046
79.976 -2.041
79.976 -2.037
79.976 -2.032
79.976 -2.028
79.976 -2.023
79.976 -2.018
79.976 -2.014
79.976 -2.009
79.976 -2.005
79.976 -2.000
79.976 -1.996
79.976 -1.991
79.976 -1.986
79.976 -1.982
79.976 -1.977
79.976 -1.973
79.976 -1.968
79.976 -1.964
79.976 -1.959
79.976 -1.955
79.976 -1.950
79.976 -1.945
79.976 -1.941
79.976 -1.936
79.976 -1.932
79.976 -1.927
79.976 -1.923
79.976 -1.918
79.976 -1.913
79.976 -1.909
79.976 -1.904
79.976 -1.900
79.976 -1.895
79.976 -1.891
79.976 -1.886
79.976 -1.881
79.976 -1.877
79.976 -1.872
79.976 -1.868
79.976 -1.863
79.976 -1.859
79.976 -1.854
79.976 -1.849
79.976 -1.845
79.976 -1.840
79.976 -1.836
79.976 -1.831
79.976 -1.827
79.976 -1.822
79.976 -1.817
79.976 -1.813
79.976 -1.808
79.976 -1.804
79.976 -1.799
79.976 -1.795
79.976 -1.790
79.976 -1.785
79.976 -1.781
79.976 -1.776
79.976 -1.772
79.976 -1.767
79.976 -1.763
79.976 -1.758
79.976 -1.753
79.976 -1.749
79.976 -1.744
79.976 -1.740
79.976 -1.735
79.976 -1.731
79.976 -1.726
79.976 -1.721
79.976 -1.717
79.976 -1.712
79.976 -1.708
79.976 -1.703
79.976 -1.699
79.976 -1.694
79.976 -1.689
79.976 -1.685
79.976 -1.680
79.976 -1.676
79.976 -1.671
79.976 -1.667
79.976 -1.662
79.976 -1.657
79.976 -1.653
79.976 -1.648
79.976 -1.644
79.976 -1.639
79.976 -1.635
79.976 -1.630
79.976 -1.625
79.976 -1.621
79.976 -1.616
79.976 -1.612
79.976 -1.607
79.976 -1.603
79.976 -1.598
79.976 -1.593
79.976 -1.589
79.976 -1.584
79.976 -1.580
79.976 -1.575
79.976 -1.571
79.976 -1.566
79.976 -1.561
79.976 -1.557
79.976 -1.552
79.976 -1.548
79.976 -1.543
79.976 -1.539
79.976 -1.534
79.976 -1.529
79.976 -1.525
79.976 -1.520
79.976 -1.516
79.976 -1.511
79.976 -1.507
79.976 -1.502
79.976 -1.498
79.976 -1.493
79.976 -1.488
79.976 -1.484
79.976 -1.479
79.976 -1.475
79.976 -1.470
79.976 -1.466
79.976 -1.461
79.976 -1.456
79.976 -1.452
79.976 -1.447
79.976 -1.443
79.976 -1.438
79.976 -1.434
79.976 -1.429
79.976 -1.424
79.976 -1.420
79.976 -1.415
79.976 -1.411
79.976 -1.406
79.976 -1.402
79.976 -1.397
79.976 -1.392
79.976 -1.388
79.976 -1.383
79.976 -1.379
79.976 -1.374
79.976 -1.370
79.976 -1.365
79.976 -1.360
79.976 -1.356
79.976 -1.351
79.976 -1.347
79.976 -1.342
79.976 -1.338
79.976 -1.333
79.976 -1.328
79.976 -1.324
79.976 -1.319
79.976 -1.315
79.976 -1.310
79.976 -1.306
79.976 -1.301
79.976 -1.296
79.976 -1.292
79.976 -1.287
79.976 -1.283
79.976 -1.278
79.976 -1.274
79.976 -1.269
79.976 -1.264
79.976 -1.260
79.976 -1.255
79.976 -1.251
79.976 -1.246
79.976 -1.242
79.976 -1.237
79.976 -1.232
79.976 -1.228
79.976 -1.223
79.976 -1.219
79.976 -1.214
79.976 -1.210
79.976 -1.205
79.976 -1.200
79.976 -1.196
79.976 -1.191
79.976 -1.187
79.976 -1.182
79.976 -1.178
79.976 -1.173
79.976 -1.168
79.976 -1.164
79.976 -1.159
79.976 -1.155
79.976 -1.150
79.976 -1.146
79.976 -1.141
79.976 -1.136
79.976 -1.132
79.976 -1.127
79.976 -1.123
79.976 -1.118
79.976 -1.114
79.976 -1.109
79.976 -1.104
79.976 -1.100
79.976 -1.095
79.976 -1.091
79.976 -1.086
79.976 -1.082
79.976 -1.077
79.976 -1.072
79.976 -1.068
79.976 -1.063
79.976 -1.059
79.976 -1.054
79.976 -1.050
79.976 -1.045
79.976 -1.041
79.976 -1.036
79.976 -1.031
79.976 -1.027
79.976 -1.022
79.976 -1.018
79.976 -1.013
79.976 -1.009
79.976 -1.004
79.976 -0.999
79.976 -0.995
79.976 -0.990
79.976 -0.986
79.976 -0.981
79.976 -0.977
79.976 -0.972
79.976 -0.967
79.976 -0.963
79.976 -0.958
79.976 -0.954
79.976 -0.949
79.976 -0.945
79.976 -0.940
79.976 -0.935
79.976 -0.931
79.976 -0.926
79.976 -0.922
79.976 -0.917
79.976 -0.913
79.976 -0.908
79.976 -0.903
79.976 -0.899
79.976 -0.894
79.976 -0.890
79.976 -0.885
79.976 -0.881
79.976 -0.876
79.976 -0.871
79.976 -0.867
79.976 -0.862
79.976 -0.858
79.976 -0.853
79.976 -0.849
79.976 -0.844
79.976 -0.839
79.976 -0.835
79.976 -0.830
79.976 -0.826
79.976 -0.821
79.976 -0.817
79.976 -0.812
79.976 -0.807
79.976 -0.803
79.976 -0.798
79.976 -0.794
79.976 -0.789
79.976 -0.785
79.976 -0.780
79.976 -0.775
79.976 -0.771
79.976 -0.766
79.976 -0.762
79.976 -0.757
79.976 -0.753
79.976 -0.748
79.976 -0.743
79.976 -0.739
79.976 -0.734
79.976 -0.730
79.976 -0.725
79.976 -0.721
79.976 -0.716
79.976 -0.711
79.976 -0.707
79.976 -0.702
79.976 -0.698
79.976 -0.693
79.976 -0.689
79.976 -0.684
79.976 -0.679
79.976 -0.675
79.976 -0.670
79.976 -0.666
79.976 -0.661
79.976 -0.657
79.976 -0.652
79.976 -0.647
79.976 -0.643
79.976 -0.638
79.976 -0.634
79.976 -0.629
79.976 -0.625
79.976 -0.620
79.976 -0.615
79.976 -0.611
79.976 -0.606
79.976 -0.602
79.976 -0.597
79.976 -0.593
79.976 -0.588
79.976 -0.584
79.976 -0.579
79.976 -0.574
79.976 -0.570
79.976 -0.565
79.976 -0.561
79.976 -0.556
79.976 -0.552
79.976 -0.547
79.976 -0.542
79.976 -0.538
79.976 -0.533
79.976 -0.529
79.976 -0.524
79.976 -0.520
79.976 -0.515
79.976 -0.510
79.976 -0.506
79.976 -0.501
79.976 -0.497
79.976 -0.492
79.976 -0.488
79.976 -0.483
79.976 -0.478
79.976 -0.474
79.976 -0.469
79.976 -0.465
79.976 -0.460
79.976 -0.456
79.976 -0.451
79.976 -0.446
79.976 -0.442
79.976 -0.437
79.976 -0.433
79.976 -0.428
79.976 -0.424
79.976 -0.419
79.976 -0.414
79.976 -0.410
79.976 -0.405
79.976 -0.401
79.976 -0.396
79.976 -0.392
79.976 -0.387
79.976 -0.382
79.976 -0.378
79.976 -0.373
79.976 -0.369
79.976 -0.364
79.976 -0.360
79.976 -0.355
79.976 -0.350
79.976 -0.346
79.976 -0.341
79.976 -0.337
79.976 -0.332
79.976 -0.328
79.976 -0.323
79.976 -0.318
79.976 -0.314
79.976 -0.309
79.976 -0.305
79.976 -0.300
79.976 -0.296
79.976 -0.291
79.976 -0.286
79.976 -0.282
79.976 -0.277
79.976 -0.273
79.976 -0.268
79.976 -0.264
79.976 -0.259
79.976 -0.254
79.976 -0.250
79.976 -0.245
79.976 -0.241
79.976 -0.236
79.976 -0.232
79.976 -0.227
79.976 -0.222
79.976 -0.218
79.976 -0.213
79.976 -0.209
79.976 -0.204
79.976 -0.200
79.976 -0.195
79.976 -0.190
79.976 -0.186
79.976 -0.181
79.976 -0.177
79.976 -0.172
79.976 -0.168
79.976 -0.163
79.976 -0.158
79.976 -0.154
79.976 -0.149
79.976 -0.145
79.976 -0.140
79.976 -0.136
79.976 -0.131
79.976 -0.127
79.976 -0.122
79.976 -0.117
79.976 -0.113
79.976 -0.108
79.976 -0.104
79.976 -0.099
79.976 -0.095
79.976 -0.090
79.976 -0.085
79.976 -0.081
79.976 -0.076
79.976 -0.072
79.976 -0.067
79.976 -0.063
79.976 -0.058
79.976 -0.053
79.976 -0.049
79.976 -0.044
79.976 -0.040
79.976 -0.035
79.976 -0.031
79.976 -0.026
79.976 -0.021
79.976 -0.017
79.976 -0.012
79.976 -0.008
79.976 -0.003
79.976 0.001
79.976 0.006
79.976 0.011
79.976 0.015
79.976 0.020
79.976 0.024
79.976 0.029
79.976 0.033
79.976 0.038
79.976 0.043
79.976 0.047
79.976 0.052
79.976 0.056
79.976 0.061
79.976 0.065
79.976 0.070
79.976 0.075
79.976 0.079
79.976 0.084
79.976 0.088
79.976 0.093
79.976 0.097
79.976 0.102
79.976 0.107
79.976 0.111
79.976 0.116
79.976 0.120
79.976 0.125
79.976 0.129
79.976 0.134
79.976 0.139
79.976 0.143
79.976 0.148
79.976 0.152
79.976 0.157
79.976 0.161
79.976 0.166
79.976 0.171
79.976 0.175
79.976 0.180
79.976 0.184
79.976 0.189
79.976 0.193
79.976 0.198
79.976 0.203
79.976 0.207
79.976 0.212
79.976 0.216
79.976 0.221
79.976 0.225
79.976 0.230
79.976 0.235
79.976 0.239
79.976 0.244
79.976 0.248
79.976 0.253
79.976 0.257
79.976 0.262
79.976 0.267
79.976 0.271
79.976 0.276
79.976 0.280
79.976 0.285
79.976 0.289
79.976 0.294
79.976 0.299
79.976 0.303
79.976 0.308
79.976 0.312
79.976 0.317
79.976 0.321
79.976 0.326
79.976 0.331
79.976 0.335
79.976 0.340
79.976 0.344
79.976 0.349
79.976 0.353
79.976 0.358
79.976 0.362
79.976 0.367
79.976 0.372
79.976 0.376
79.976 0.381
79.976 0.385
79.976 0.390
79.976 0.394
79.976 0.399
79.976 0.404
79.976 0.408
79.976 0.413
79.976 0.417
79.976 0.422
79.976 0.426
79.976 0.431
79.976 0.436
79.976 0.440
79.976 0.445
79.976 0.449
79.976 0.454
79.976 0.458
79.976 0.463
79.976 0.468
79.976 0.472
79.976 0.477
79.976 0.481
79.976 0.486
79.976 0.490
79.976 0.495
79.976 0.500
79.976 0.504
79.976 0.509
79.976 0.513
79.976 0.518
79.976 0.522
79.976 0.527
79.976 0.532
79.976 0.536
79.976 0.541
79.976 0.545
79.976 0.550
79.976 0.554
79.976 0.559
79.976 0.564
79.976 0.568
79.976 0.573
79.976 0.577
79.976 0.582
79.976 0.586
79.976 0.591
79.976 0.596
79.976 0.600
79.976 0.605
79.976 0.609
79.976 0.614
79.976 0.618
79.976 0.623
79.976 0.628
79.976 0.632
79.976 0.637
79.976 0.641
79.976 0.646
79.976 0.650
79.976 0.655
79.976 0.660
79.976 0.664
79.976 0.669
79.976 0.673
79.976 0.678
79.976 0.682
79.976 0.687
79.976 0.692
79.976 0.696
79.976 0.701
79.976 0.705
79.976 0.710
79.976 0.714
79.976 0.719
79.976 0.724
79.976 0.728
79.976 0.733
79.976 0.737
79.976 0.742
79.976 0.746
79.976 0.751
79.976 0.756
79.976 0.760
79.976 0.765
79.976 0.769
79.976 0.774
79.976 0.778
79.976 0.783
79.976 0.788
79.976 0.792
79.976 0.797
79.976 0.801
79.976 0.806
79.976 0.810
79.976 0.815
79.976 0.819
79.976 0.824
79.976 0.829
79.976 0.833
79.976 0.838
79.976 0.842
79.976 0.847
79.976 0.851
79.976 0.856
79.976 0.861
79.976 0.865
79.976 0.870
79.976 0.874
79.976 0.879
79.976 0.883
79.976 0.888
79.976 0.893
79.976 0.897
79.976 0.902
79.976 0.906
79.976 0.911
79.976 0.915
79.976 0.920
79.976 0.925
79.976 0.929
79.976 0.934
79.976 0.938
79.976 0.943
79.976 0.947
79.976 0.952
79.976 0.957
79.976 0.961
79.976 0.966
79.976 0.970
79.976 0.975
79.976 0.979
79.976 0.984
79.976 0.989
79.976 0.993
79.976 0.998
79.976 1.002
79.976 1.007
79.976 1.011
79.976 1.016
79.976 1.021
79.976 1.025
79.976 1.030
79.976 1.034
79.976 1.039
79.976 1.043
79.976 1.048
79.976 1.053
79.976 1.057
79.976 1.062
79.976 1.066
79.976 1.071
79.976 1.075
79.976 1.080
79.976 1.085
79.976 1.089
79.976 1.094
79.976 1.098
79.976 1.103
79.976 1.107
79.976 1.112
79.977 0.429
79.977 1.112
79.976 1.804
79.977 0.443
79.977 1.126
79.977 1.130
79.977 1.135
79.977 1.139
79.977 1.144
79.977 1.148
79.977 1.153
79.977 1.157
79.977 1.162
79.977 1.166
79.977 1.171
79.977 1.175
79.977 1.180
79.977 1.184
79.977 1.189
79.977 1.193
79.977 1.198
79.977 1.202
79.977 1.207
79.977 1.211
79.977 1.215
79.977 1.220
79.977 1.224
79.977 1.229
79.977 1.233
79.977 1.238
79.977 1.242
79.977 1.247
79.977 1.251
79.977 1.256
79.977 1.260
79.977 1.265
79.977 1.269
79.977 1.274
79.977 1.278
79.977 1.283
79.977 1.287
79.977 1.292
79.977 1.296
79.977 1.301
79.977 1.305
79.977 1.310
79.977 1.314
79.977 1.319
79.977 1.323
79.977 1.328
79.977 1.332
79.977 1.336
79.977 1.341
79.977 1.345
79.977 1.350
79.977 1.354
79.977 1.359
79.977 1.363
79.977 1.368
79.977 1.372
79.977 1.377
79.977 1.381
79.977 1.386
79.977 1.390
79.977 1.395
79.977 1.399
79.977 1.404
79.977 1.408
79.977 1.413
79.977 1.417
79.977 1.422
79.977 1.426
79.977 1.431
79.977 1.435
79.977 1.440
79.977 1.444
79.977 1.449
79.977 1.453
79.977 1.458
79.977 1.462
79.977 1.466
79.977 1.471
79.977 1.475
79.977 1.480
79.977 1.484
79.977 1.489
79.977 1.493
79.977 1.498
79.977 1.502
79.977 1.507
79.977 1.511
79.977 1.516
79.977 1.520
79.977 1.525
79.977 1.529
79.977 1.534
79.977 1.538
79.977 1.543
79.977 1.547
79.977 1.552
79.977 1.556
79.977 1.561
79.977 1.565
79.977 1.570
79.977 1.574
79.977 1.579
79.977 1.583
79.977 1.588
79.977 1.592
79.977 1.596
79.977 1.601
79.977 1.605
79.977 1.610
79.977 1.614
79.977 1.619
79.977 1.623
79.977 1.628
79.977 1.632
79.977 1.637
79.977 1.641
79.977 1.646
79.977 1.650
79.977 1.655
79.977 1.659
79.977 1.664
79.977 1.668
79.977 1.673
79.977 1.677
79.977 1.682
79.977 1.686
79.977 1.691
79.977 1.695
79.977 1.700
79.977 1.704
79.977 1.709
79.977 1.713
79.977 1.717
79.977 1.722
79.977 1.726
79.977 1.731
79.977 1.735
79.977 1.740
79.977 1.744
79.977 1.749
79.977 1.753
79.977 1.758
79.977 1.762
79.977 1.767
79.977 1.771
79.977 1.776
79.977 1.780
79.977 1.785
79.977 1.789
79.977 1.794
79.977 1.798
79.977 1.803
79.977 1.807
79.977 1.812
79.977 1.816
79.977 1.821
79.977 1.825
79.977 1.830
79.977 1.834
79.977 1.839
79.977 1.843
79.977 1.847
79.977 1.852
79.977 1.856
79.977 1.861
79.977 1.865
79.977 1.870
79.977 1.874
79.977 1.879
79.977 1.883
79.977 1.888
79.977 1.892
79.977 1.897
79.977 1.901
79.977 1.906
79.977 1.910
79.977 1.915
79.977 1.919
79.977 1.924
79.977 1.928
79.977 1.933
79.977 1.937
79.977 1.942
79.977 1.946
79.977 1.951
79.977 1.955
79.977 1.960
79.977 1.964
79.977 1.968
79.977 1.973
79.977 1.977
79.977 1.982
79.977 1.986
79.977 1.991
79.977 1.995
79.977 2.000
79.977 2.004
79.977 2.009
79.977 2.013
79.977 2.018
79.977 2.022
79.977 2.027
79.977 2.031
79.977 2.036
79.977 2.040
79.977 2.045
79.977 2.049
79.977 2.054
79.977 2.058
79.977 2.063
79.977 2.067
79.977 2.072
79.977 2.076
79.977 2.081
79.977 2.085
79.977 2.090
79.977 2.094
79.977 2.098
79.977 2.103
79.977 2.107
79.977 2.112
79.977 2.116
79.977 2.121
79.977 2.125
79.977 2.130
79.977 2.134
79.977 2.139
79.977 2.143
79.977 2.148
79.977 2.152
79.977 2.157
79.977 2.161
79.977 2.166
79.977 2.170
79.977 2.175
79.977 2.179
79.977 2.184
79.977 2.188
79.977 2.193
79.977 2.197
79.977 2.202
79.977 2.206
79.977 2.211
79.977 2.215
79.977 2.220
79.977 2.224
79.977 2.228
79.977 2.233
79.977 1.538
79.977 2.233
79.977 2.237
79.977 2.242
79.977 2.246
79.977 2.251
79.977 2.255
79.977 2.259
79.977 2.264
79.977 2.268
79.977 2.272
79.977 2.277
79.977 2.281
79.977 2.286
79.977 2.290
79.977 2.294
79.977 2.299
79.977 2.303
79.977 2.308
79.977 2.312
79.977 2.316
79.977 2.321
79.977 2.325
79.977 2.330
79.977 2.334
79.977 2.338
79.977 2.343
79.977 2.347
79.977 2.352
79.977 2.356
79.977 2.360
79.977 2.365
79.977 2.369
79.977 2.374
79.977 2.378
79.977 2.382
79.977 2.387
79.977 2.391
79.977 2.396
79.977 2.400
79.977 2.404
79.977 2.409
79.977 2.413
79.977 2.418
79.977 2.422
79.977 2.426
79.977 2.431
79.977 2.435
79.977 2.439
79.977 2.444
79.977 2.448
79.977 2.453
79.977 2.457
79.977 2.461
79.977 2.466
79.977 2.470
79.977 2.475
79.977 2.479
79.977 2.483
79.977 2.488
79.977 2.492
79.977 2.497
79.977 2.501
79.977 2.505
79.977 2.510
79.977 2.514
79.977 2.519
79.977 2.523
79.977 2.527
79.977 2.532
79.977 2.536
79.977 2.541
79.977 2.545
79.977 2.549
79.977 2.554
79.977 2.558
79.977 2.563
79.977 2.567
79.977 2.571
79.977 2.576
79.977 2.580
79.977 2.585
79.977 2.589
79.977 2.593
79.977 2.598
79.977 2.602
79.977 2.606
79.977 2.611
79.977 2.615
79.977 2.620
79.977 2.624
79.977 2.628
79.977 2.633
79.977 2.637
79.977 2.642
79.977 2.646
79.977 2.650
79.977 2.655
79.977 2.659
79.977 2.664
79.977 2.668
79.977 2.672
79.977 2.677
79.977 2.681
79.977 2.686
79.977 2.690
79.977 2.694
79.977 2.699
79.977 2.703
79.977 2.708
79.977 2.712
79.977 2.716
79.977 2.721
79.977 2.725
79.977 2.730
79.977 2.734
79.977 2.738
79.977 2.743
79.977 2.747
79.977 2.751
79.977 2.756
79.977 2.760
79.977 2.765
79.977 2.769
79.977 2.773
79.977 2.778
79.977 2.782
79.977 2.787
79.977 2.791
79.977 2.795
79.977 2.800
79.977 2.804
79.977 2.809
79.977 2.813
79.977 2.817
79.977 2.822
79.977 2.826
79.977 2.831
79.977 2.835
79.977 2.839
79.977 2.844
79.977 2.848
79.977 2.853
79.977 2.857
79.977 2.861
79.977 2.866
79.977 2.870
79.977 2.875
79.977 2.879
79.977 2.883
79.977 2.888
79.977 2.892
79.977 2.897
79.977 2.901
79.977 2.905
79.977 2.910
79.977 2.914
79.977 2.918
79.977 2.923
79.977 2.927
79.977 2.932
79.977 2.936
79.977 2.940
79.977 2.945
79.977 2.949
79.977 2.954
79.977 2.958
79.977 2.962
79.977 2.967
79.977 2.971
79.977 2.976
79.977 2.980
79.977 2.984
79.977 2.989
79.977 2.993
79.977 2.998
79.977 3.002
79.977 3.006
79.977 3.011
79.977 3.015
79.977 3.020
79.977 3.024
79.977 3.028
79.977 3.033
79.977 3.037
79.977 3.042
79.977 3.046
79.977 3.050
79.977 3.055
79.977 3.059
79.977 3.064
79.977 3.068
79.977 3.072
79.977 3.077
79.977 3.081
79.977 3.085
79.977 3.090
79.977 3.094
79.977 3.099
79.977 3.103
79.977 3.107
79.977 3.112
79.977 3.116
79.977 3.121
79.977 3.125
79.977 3.129
79.977 3.134
79.977 3.138
79.977 3.143
79.977 3.147
79.977 3.151
79.978 2.468
79.978 3.151
79.978 3.156
79.978 3.160
79.978 3.164
79.978 3.169
79.978 3.173
79.978 3.177
79.978 3.182
79.978 3.186
79.978 3.190
79.978 3.194
79.978 3.199
79.978 3.203
79.978 3.207
79.978 3.212
79.978 3.216
79.978 3.220
79.978 3.225
79.978 3.229
79.978 3.233
79.978 3.238
79.978 3.242
79.978 3.246
79.978 3.250
79.978 3.255
79.978 3.259
79.978 3.263
79.978 3.268
79.978 3.272
79.978 3.276
79.978 3.281
79.978 3.285
79.978 3.289
79.978 3.293
79.978 3.298
79.978 3.302
79.978 3.306
79.978 3.311
79.978 3.315
79.978 3.319
79.978 3.324
79.978 3.328
79.978 3.332
79.978 3.337
79.978 3.341
79.978 3.345
79.978 3.349
79.978 3.354
79.978 3.358
79.978 3.362
79.978 3.367
79.978 3.371
79.978 3.375
79.978 3.380
79.978 3.384
79.978 3.388
79.978 3.393
79.978 3.397
79.978 3.401
79.978 3.405
79.978 3.410
79.978 3.414
79.978 3.418
79.978 3.423
79.978 3.427
79.978 3.431
79.978 3.436
79.978 3.440
79.978 3.444
79.978 3.449
79.978 3.453
79.978 3.457
79.978 3.461
79.978 3.466
79.978 3.470
79.978 3.474
79.978 3.479
79.978 3.483
79.978 3.487
79.978 3.492
79.978 3.496
79.978 3.500
79.978 3.505
79.978 3.509
79.978 3.513
79.978 3.517
79.978 3.522
79.978 3.526
79.978 3.530
79.978 3.535
79.978 3.539
79.978 3.543
79.978 3.548
79.978 3.552
79.978 3.556
79.978 3.561
79.978 3.565
79.978 3.569
79.978 3.573
79.978 3.578
79.978 3.582
79.978 3.586
79.978 3.591
79.978 3.595
79.978 3.599
79.978 3.604
79.978 3.608
79.978 3.612
79.978 3.616
79.978 3.621
79.978 3.625
79.978 3.629
79.978 3.634
79.978 3.638
79.978 3.642
79.978 3.647
79.978 3.651
79.978 3.655
79.978 3.660
79.978 3.664
79.978 3.668
79.978 3.672
79.978 3.677
79.978 3.681
79.978 3.685
79.978 3.690
79.978 3.694
79.978 3.698
79.978 3.703
79.978 3.707
79.978 3.711
79.978 3.716
79.978 3.720
79.978 3.724
79.978 3.728
79.978 3.733
79.978 3.737
79.978 3.741
79.978 3.746
79.978 3.750
79.978 3.055
79.978 3.750
79.978 3.754
79.978 3.758
79.978 3.762
79.978 3.767
79.978 3.771
79.978 3.775
79.978 3.779
79.978 3.783
79.978 3.788
79.978 3.792
79.978 3.796
79.978 3.800
79.978 3.804
79.978 3.809
79.978 3.813
79.978 3.817
79.978 3.821
79.978 3.826
79.978 3.830
79.978 3.834
79.978 3.838
79.978 3.842
79.978 3.847
79.978 3.851
79.978 3.855
79.978 3.859
79.978 3.864
79.978 3.868
79.978 3.872
79.978 3.876
79.978 3.880
79.978 3.885
79.978 3.889
79.978 3.893
79.978 3.897
79.978 3.902
79.978 3.906
79.978 3.910
79.978 3.914
79.978 3.918
79.978 3.923
79.978 3.927
79.978 3.931
79.978 3.935
79.978 3.940
79.978 3.944
79.978 3.948
79.978 3.952
79.978 3.956
79.978 3.961
79.978 3.965
79.978 3.969
79.978 3.973
79.978 3.977
79.978 3.982
79.978 3.986
79.978 3.990
79.978 3.994
79.978 3.999
79.978 4.003
79.978 4.007
79.978 4.011
79.978 4.015
79.978 4.020
79.978 4.024
79.978 4.028
79.978 4.032
79.978 4.037
79.978 4.041
79.978 4.045
79.978 4.049
79.978 4.053
79.979 3.370
79.979 4.053
79.979 4.057
79.979 4.061
79.979 4.065
79.979 4.070
79.979 4.074
79.979 4.078
79.979 4.082
79.979 4.086
79.979 4.090
79.979 4.094
79.979 4.098
79.979 4.103
79.979 4.107
79.979 4.111
79.979 4.115
79.979 4.119
79.979 4.123
79.979 4.127
79.979 4.131
79.979 4.136
79.979 4.140
79.979 4.144
79.979 4.148
79.979 4.152
79.979 4.156
79.979 4.160
79.979 4.164
79.979 4.169
79.979 4.173
79.979 4.177
79.979 4.181
79.979 4.185
79.979 4.189
79.979 4.193
79.979 4.197
79.979 4.202
79.979 4.206
79.979 4.210
79.979 4.214
79.979 4.218
79.979 4.222
79.979 4.226
79.979 4.231
79.979 4.235
79.979 4.239
79.979 4.243
79.979 4.247
79.979 4.251
79.979 4.255
79.979 4.259
79.979 4.264
79.979 4.268
79.979 4.272
79.979 4.276
79.979 4.280
79.979 4.284
79.979 4.288
79.979 4.292
79.979 4.297
79.979 4.301
79.979 4.305
79.979 4.309
79.979 4.313
79.979 4.317
79.979 4.321
79.979 4.325
79.979 4.330
79.979 4.334
79.979 4.338
79.979 4.342
79.979 4.346
79.979 4.350
79.979 4.354
79.979 4.358
79.979 4.363
79.979 4.367
79.979 4.371
79.979 4.375
79.979 4.379
79.979 4.383
79.979 3.688
79.979 4.383
79.979 4.387
79.979 4.391
79.979 4.395
79.979 4.399
79.979 4.403
79.979 4.407
79.979 4.411
79.979 4.415
79.979 4.419
79.979 4.423
79.979 4.427
79.979 4.431
79.979 4.435
79.979 4.439
79.979 4.443
79.979 4.447
79.979 4.451
79.979 4.455
79.979 4.459
79.979 4.463
79.979 4.467
79.979 4.471
79.979 4.476
79.979 4.480
79.979 4.484
79.979 4.488
79.979 4.492
79.979 4.496
79.979 4.500
79.979 4.504
79.979 4.508
79.979 4.512
79.979 4.516
79.979 4.520
79.979 4.524
79.979 4.528
79.979 4.532
79.979 4.536
79.979 4.540
79.979 4.544
79.979 4.548
79.979 4.552
79.979 4.556
79.979 4.560
79.979 4.564
79.979 4.569
79.979 4.573
79.979 4.577
79.979 4.581
79.979 4.585
79.979 4.589
79.979 4.593
79.979 4.597
79.979 4.601
79.979 4.605
79.979 4.609
79.979 4.613
79.979 4.617
79.979 4.621
79.979 4.625
79.979 4.629
79.979 4.633
79.979 4.637
79.979 4.641
79.979 4.645
79.979 4.649
79.979 4.653
79.979 4.657
79.979 4.662
79.979 4.666
79.980 3.982
79.980 4.665
79.980 4.669
79.980 4.673
79.980 4.677
79.980 4.681
79.980 4.685
79.980 4.689
79.980 4.693
79.980 4.697
79.980 4.700
79.980 4.704
79.980 4.708
79.980 4.712
79.980 4.716
79.980 4.720
79.980 4.724
79.980 4.728
79.980 4.732
79.980 4.736
79.980 4.740
79.980 4.744
79.980 4.748
79.980 4.752
79.980 4.756
79.980 4.760
79.980 4.764
79.980 4.768
79.980 4.772
79.980 4.776
79.980 4.780
79.980 4.784
79.980 4.788
79.980 4.791
79.980 4.795
79.980 4.799
79.980 4.803
79.980 4.807
79.980 4.811
79.980 4.815
79.980 4.819
79.980 4.823
79.980 4.827
79.980 4.831
79.980 4.835
79.980 4.839
79.980 4.843
79.980 4.847
79.980 4.851
79.980 4.855
79.980 4.859
79.980 4.863
79.980 4.867
79.980 4.871
79.980 4.875
79.980 4.879
79.980 4.883
79.980 4.886
79.980 4.890
79.980 4.894
79.980 4.898
79.980 4.902
79.980 4.906
79.980 4.910
79.980 4.914
79.980 4.918
79.980 4.922
79.980 4.926
79.980 4.930
79.980 4.934
79.980 4.938
79.980 4.942
79.980 4.946
79.980 4.950
79.980 4.954
79.980 4.958
79.980 4.962
79.980 4.966
79.980 4.970
79.980 4.974
79.980 4.978
79.980 4.981
79.980 4.286
79.980 4.980
79.980 4.984
79.980 4.988
79.980 4.992
79.980 4.996
79.980 5.000
79.980 5.004
79.980 5.007
79.980 5.011
79.980 5.015
79.980 5.019
79.980 5.023
79.980 5.027
79.980 5.031
79.980 5.035
79.980 5.038
79.980 5.042
79.980 5.046
79.980 5.050
79.980 5.054
79.980 5.058
79.980 5.062
79.980 5.066
79.980 5.069
79.980 5.073
79.980 5.077
79.980 5.081
79.980 5.085
79.980 5.089
79.980 5.093
79.980 5.096
79.980 5.100
79.980 5.104
79.980 5.108
79.980 5.112
79.980 5.116
79.980 5.120
79.980 5.124
79.980 5.127
79.980 5.131
79.980 5.135
79.980 5.139
79.980 5.143
79.980 5.147
79.980 5.151
79.980 5.154
79.980 5.158
79.980 5.162
79.980 5.166
79.980 5.170
79.980 5.174
79.980 5.178
79.980 5.182
79.980 5.185
79.980 5.189
79.980 5.193
